4294967294,191
4294967294,384
4294967294,394
4294967294,402
4294967294,403
4294967294,443
4294967294,441
4294967294,422
4294967294,425
4294967294,80
4294967294,174
4294967294,166
4294967294,24
4294967294,189
4294967294,74
4294967294,965
4294967294,919
4294967294,912
4294967294,901
4294967294,97
4294967294,182
4294967294,173
4294967294,161
4294967294,104
4294967294,106
4294967294,163
4294967279,264
4294967279,554
4294967294,11
4294967279,257
4294967279,256
4294967279,534
4294967279,215
4294967279,174
4294967278,132
4294967278,130
4294967278,129
4294967278,128
4294967278,127
4294967278,428
4294967278,120
4294967278,421
4294967278,119
4294967278,118
4294967278,116
4294967278,115
4294967278,114
4294967278,113
4294967278,111
4294967278,105
4294967278,104
4294967278,103
4294967278,102
4294967278,100
4294967278,99
4294967278,89
4294967278,87
4294967278,86
4294967278,85
4294967278,83
4294967278,80
4294967278,74
4294967278,73
4294967278,72
4294967278,71
4294967278,69
4294967278,68
4294967278,61
4294967278,60
4294967278,59
4294967278,58
4294967278,57
4294967278,56
4294967278,55
4294967278,414
4294967278,54
4294967278,53
4294967278,38
4294967278,31
4294967279,82
4294967279,81
4294967279,80
4294967279,79
4294967279,78
4294967279,77
4294967279,75
4294967279,74
4294967279,73
4294967279,72
4294967279,71
4294967279,69
4294967279,314
4294967279,67
4294967279,66
4294967279,64
4294967279,61
4294967279,60
4294967279,58
4294967279,57
4294967279,56
4294967279,55
4294967279,52
4294967279,575
4294967279,48
4294967279,47
4294967279,46
4294967279,45
4294967279,299
4294967279,28
4294967279,27
4294967279,26
4294967279,25
4294967279,548
4294967294,922
4294967278,341
772,6
772,5
772,4
772,3
772,2
772,1
4294967279,225
4294967279,512
4294967294,907
4294967279,226
4294967294,1423
4294967279,223
4294967294,475
4294967278,101
769,5
769,4
769,3
769,2
769,1
4294967278,333
4294967278,205
4294967278,366
4294967279,217
4294967294,1422
4294967294,1420
767,11
767,10
767,9
767,8
767,7
767,6
767,5
767,4
767,3
767,2
767,1
4294967279,180
4294967294,1421
4294967294,409
4294967294,385
4294967294,164
4294967294,450
4294967279,175
4294967279,565
4294967279,173
4294967278,170
4294967278,313
4294967278,52
4294967278,312
4294967278,88
4294967279,155
4294967279,545
4294967279,345
4294967278,311
4294967279,574
4294967279,571
4294967279,305
4294967279,312
4294967279,255
759,6
4294967278,310
4294967278,334
4294967278,344
4294967278,342
4294967278,343
759,5
759,4
759,3
759,2
759,1
4294967279,570
757,4
757,3
757,2
757,1
756,4
756,3
756,2
756,1
755,4
755,3
755,2
755,1
4294967278,367
4294967294,1414
4294967294,967
4294967294,190
4294967294,915
754,4
754,3
754,2
754,1
4294967278,220
753,4
753,3
753,2
753,1
4294967294,465
4294967294,113
4294967294,458
752,4
752,3
752,2
752,1
4294967294,473
751,4
751,3
751,2
751,1
4294967294,428
4294967278,204
4294967279,207
750,6
4294967279,573
750,5
750,4
750,3
750,2
750,1
749,5
749,4
749,3
749,2
749,1
4294967278,446
4294967279,383
748,5
748,4
748,3
748,2
748,1
4294967278,183
4294967278,182
747,4
747,3
747,2
747,1
4294967279,382
4294967279,569
4294967279,566
4294967279,301
4294967279,283
4294967278,444
4294967278,443
4294967278,393
4294967294,469
4294967278,126
4294967278,125
4294967278,122
4294967278,108
4294967278,97
4294967278,82
4294967278,75
4294967279,310
4294967279,376
4294967279,523
4294967279,537
4294967279,62
4294967279,54
4294967278,429
4294967279,288
4294967279,372
4294967278,392
746,6
746,5
746,4
746,2
746,1
4294967279,356
4294967294,179
4294967294,183
4294967294,167
4294967294,457
4294967294,175
743,5
743,4
743,2
743,1
4294967279,564
4294967279,562
4294967278,301
4294967278,309
741,11
741,10
741,9
741,8
741,7
4294967278,250
741,6
741,5
4294967278,248
741,4
741,2
741,1
4294967279,560
4294967278,106
4294967278,308
4294967278,117
4294967278,243
4294967279,272
4294967278,222
4294967278,230
4294967278,226
4294967278,224
4294967279,224
4294967278,214
4294967279,274
4294967278,207
4294967279,325
4294967278,307
4294967278,202
4294967279,572
4294967278,200
4294967278,199
4294967279,196
4294967278,197
4294967278,196
4294967278,195
4294967278,351
4294967279,559
4294967279,349
4294967278,190
4294967278,324
4294967279,561
4294967279,186
4294967278,184
4294967279,70
4294967278,306
4294967279,68
4294967278,304
4294967279,179
4294967278,427
4294967279,59
4294967278,406
4294967279,168
4294967279,160
4294967294,405
733,6
4294967279,550
4294967278,404
4294967279,2
4294967278,442
4294967279,379
733,5
733,4
733,2
733,1
4294967279,142
731,4
731,3
731,2
731,1
4294967279,137
730,4
730,3
730,2
730,1
4294967278,362
729,4
729,3
729,2
729,1
4294967278,273
728,4
4294967278,272
728,3
728,2
728,1
4294967279,267
727,4
727,3
727,2
727,1
4294967278,267
726,4
726,3
726,2
726,1
4294967278,303
725,4
725,3
725,2
725,1
4294967278,302
724,6
724,5
724,4
724,3
724,2
724,1
4294967294,913
4294967294,910
4294967278,254
4294967278,253
723,5
723,4
723,3
723,2
723,1
4294967278,384
4294967294,414
4294967294,419
4294967294,111
4294967294,118
4294967294,460
4294967294,449
722,5
722,4
722,3
722,2
722,1
4294967278,234
721,4
721,3
721,2
721,1
4294967278,300
4294967278,359
4294967279,221
4294967278,415
4294967279,219
4294967294,387
4294967278,358
4294967278,430
4294967279,373
4294967278,410
4294967278,360
4294967278,330
4294967279,49
4294967279,44
4294967279,43
4294967279,42
4294967279,40
4294967279,39
4294967279,37
4294967279,36
4294967279,35
4294967279,34
4294967279,33
4294967279,32
4294967279,31
4294967279,30
4294967279,29
4294967278,124
4294967278,123
4294967278,260
4294967278,112
4294967278,110
4294967278,109
4294967278,107
4294967278,295
4294967278,326
4294967278,98
4294967278,96
4294967278,95
4294967278,94
4294967278,93
4294967278,92
4294967278,91
4294967278,90
4294967278,84
4294967278,79
4294967278,77
4294967278,76
4294967278,66
4294967278,65
4294967278,64
4294967278,63
4294967278,338
4294967278,363
4294967279,555
4294967279,76
4294967279,65
4294967279,63
4294967279,53
4294967279,50
4294967279,41
4294967279,38
4294967279,295
4294967279,24
4294967279,23
4294967279,22
4294967279,21
4294967279,333
4294967279,20
4294967279,15
4294967279,13
4294967279,12
4294967279,11
4294967279,10
4294967279,9
4294967279,8
4294967279,324
4294967278,81
4294967278,374
4294967279,563
4294967279,193
4294967294,905
4294967278,78
4294967278,332
4294967279,318
4294967279,189
720,6
720,5
720,4
720,2
720,1
4294967278,62
4294967278,67
4294967279,300
4294967279,558
717,5
717,4
717,2
717,1
4294967278,299
715,11
715,10
715,9
715,8
715,7
715,6
715,5
715,4
715,2
715,1
4294967278,297
4294967279,19
4294967294,168
4294967294,408
4294967279,282
4294967279,141
4294967278,139
4294967279,336
4294967278,395
4294967279,136
4294967279,293
4294967279,18
4294967279,7
4294967279,17
4294967279,16
4294967294,1419
4294967279,14
4294967279,265
4294967279,262
4294967279,261
4294967279,259
4294967279,258
4294967279,6
